29
28.8
28.8
28.8
28.5
28.3
28.1
28.3
28.4
28.5
28.7
28.8
28.8
28.7
28.7
28.8
28.8
28.7
28.6
28.5
28.4
28.2
28
28
28.1
27.9
27.9
27.8
27.6
27.7
27.7
27.7
27.6
27.9
28.9
29.5
29.8
30.9
30.3
30.4
31.2
31.1
31.7
32.1
32.5
32.3
32.5
32.7
33
32.1
32.4
33
31.4
29.9
29.3
28.7
28.6
28.3
28.1
28
27.9
27.9
27.9
28
28.2
28.3
28.3
28.4
28.6
28.7
28.8
28.9
29.1
29.4
29.6
30.1
30.7
31.2
31.4
31.4
31.8
32.2
32.9
32.2
32.3
32.4
33.9
32.4
33.5
32.5
33
33.3
32.6
32.4
32.6
32.7
32.629
28.8
28.8
28.8
28.5
28.3
28.1
28.3
28.4
28.5
28.7
28.8
28.8
28.7
28.7
28.8
28.8
28.7
28.6
28.5
28.4
28.2
28
28
28.1
27.9
27.9
27.8
27.6
27.7
27.7
27.7
27.6
27.9
28.9
29.5
29.8
30.9
30.3
30.4
31.2
31.1
31.7
32.1
32.5
32.3
32.5
32.7
33
32.1
32.4
33
31.4
29.9
29.3
28.7
28.6
28.3
28.1
28
27.9
27.9
27.9
28
28.2
28.3
28.3
28.4
28.6
28.7
28.8
28.9
29.1
29.4
29.6
30.1
30.7
31.2
31.4
31.4
31.8
32.2
32.9
32.2
32.3
32.4
33.9
32.4
33.5
32.5
33
33.3
32.6
32.4
32.6
32.7
32.629
28.8
28.8
28.8
28.5
28.3
28.1
28.3
28.4
28.5
28.7
28.8
28.8
28.7
28.7
28.8
28.8
28.7
28.6
28.5
28.4
28.2
28
28
28.1
27.9
27.9
27.8
27.6
27.7
27.7
27.7
27.6
27.9
28.9
29.5
29.8
30.9
30.3
30.4
31.2
31.1
31.7
32.1
32.5
32.3
32.5
32.7
33
32.1
32.4
33
31.4
29.9
29.3
28.7
28.6
28.3
28.1
28
27.9
27.9
27.9
28
28.2
28.3
28.3
28.4
28.6
28.7
28.8
28.9
29.1
29.4
29.6
30.1
30.7
31.2
31.4
31.4
31.8
32.2
32.9
32.2
32.3
32.4
33.9
32.4
33.5
32.5
33
33.3
32.6
32.4
32.6
32.7
32.629
28.8
28.8
28.8
28.5
28.3
28.1
28.3
28.4
28.5
28.7
28.8
28.8
28.7
28.7
28.8
28.8
28.7
28.6
28.5
28.4
28.2
28
28
28.1
27.9
27.9
27.8
27.6
27.7
27.7
27.7
27.6
27.9
28.9
29.5
29.8
30.9
30.3
30.4
31.2
31.1
31.7
32.1
32.5
32.3
32.5
32.7
33
32.1
32.4
33
31.4
29.9
29.3
28.7
28.6
28.3
28.1
28
27.9
27.9
27.9
28
28.2
28.3
28.3
28.4
28.6
28.7
28.8
28.9
29.1
29.4
29.6
30.1
30.7
31.2
31.4
31.4
31.8
32.2
32.9
32.2
32.3
32.4
33.9
32.4
33.5
32.5
33
33.3
32.6
32.4
32.6
32.7
32.629
28.8
28.8
28.8
28.5
28.3
28.1
28.3
28.4
28.5
28.7
28.8
28.8
28.7
28.7
28.8
28.8
28.7
28.6
28.5
28.4
28.2
28
28
28.1
27.9
27.9
27.8
27.6
27.7
27.7
27.7
27.6
27.9
28.9
29.5
29.8
30.9
30.3
30.4
31.2
31.1
31.7
32.1
32.5
32.3
32.5
32.7
33
32.1
32.4
33
31.4
29.9
29.3
28.7
28.6
28.3
28.1
28
27.9
27.9
27.9
28
28.2
28.3
28.3
28.4
28.6
28.7
28.8
28.9
29.1
29.4
29.6
30.1
30.7
31.2
31.4
31.4
31.8
32.2
32.9
32.2
32.3
32.4
33.9
32.4
33.5
32.5
33
33.3
32.6
32.4
32.6
32.7
32.629
28.8
28.8
28.8
28.5
28.3
28.1
28.3
28.4
28.5
28.7
28.8
28.8
28.7
28.7
28.8
28.8
28.7
28.6
28.5
28.4
28.2
28
28
28.1
27.9
27.9
27.8
27.6
27.7
27.7
27.7
27.6
27.9
28.9
29.5
29.8
30.9
30.3
30.4
31.2
31.1
31.7
32.1
32.5
32.3
32.5
32.7
33
32.1
32.4
33
31.4
29.9
29.3
28.7
28.6
28.3
28.1
28
27.9
27.9
27.9
28
28.2
28.3
28.3
28.4
28.6
28.7
28.8
28.9
29.1
29.4
29.6
30.1
30.7
31.2
31.4
31.4
31.8
32.2
32.9
32.2
32.3
32.4
33.9
32.4
33.5
32.5
33
33.3
32.6
32.4
32.6
32.7
32.629
28.8
28.8
28.8
28.5
28.3
28.1
28.3
28.4
28.5
28.7
28.8
28.8
28.7
28.7
28.8
28.8
28.7
28.6
28.5
28.4
28.2
28
28
28.1
27.9
27.9
27.8
27.6
27.7
27.7
27.7
27.6
27.9
28.9
29.5
29.8
30.9
30.3
30.4
31.2
31.1
31.7
32.1
32.5
32.3
32.5
32.7
33
32.1
32.4
33
31.4
29.9
29.3
28.7
28.6
28.3
28.1
28
27.9
27.9
27.9
28
28.2
28.3
28.3
28.4
28.6
28.7
28.8
28.9
29.1
29.4
29.6
30.1
30.7
31.2
31.4
31.4
31.8
32.2
32.9
32.2
32.3
32.4
33.9
32.4
33.5
32.5
33
33.3
32.6
32.4
32.6
32.7
32.629
28.8
28.8
28.8
28.5
28.3
28.1
28.3
28.4
28.5
28.7
28.8
28.8
28.7
28.7
28.8
28.8
28.7
28.6
28.5
28.4
28.2
28
28
28.1
27.9
27.9
27.8
27.6
27.7
27.7
27.7
27.6
27.9
28.9
29.5
29.8
30.9
30.3
30.4
31.2
31.1
31.7
32.1
32.5
32.3
32.5
32.7
33
32.1
32.4
33
31.4
29.9
29.3
28.7
28.6
28.3
28.1
28
27.9
27.9
27.9
28
28.2
28.3
28.3
28.4
28.6
28.7
28.8
28.9
29.1
29.4
29.6
30.1
30.7
31.2
31.4
31.4
31.8
32.2
32.9
32.2
32.3
32.4
33.9
32.4
33.5
32.5
33
33.3
32.6
32.4
32.6
32.7
32.629
28.8
28.8
28.8
28.5
28.3
28.1
28.3
28.4
28.5
28.7
28.8
28.8
28.7
28.7
28.8
28.8
28.7
28.6
28.5
28.4
28.2
28
28
28.1
27.9
27.9
27.8
27.6
27.7
27.7
27.7
27.6
27.9
28.9
29.5
29.8
30.9
30.3
30.4
31.2
31.1
31.7
32.1
32.5
32.3
32.5
32.7
33
32.1
32.4
33
31.4
29.9
29.3
28.7
28.6
28.3
28.1
28
27.9
27.9
27.9
28
28.2
28.3
28.3
28.4
28.6
28.7
28.8
28.9
29.1
29.4
29.6
30.1
30.7
31.2
31.4
31.4
31.8
32.2
32.9
32.2
32.3
32.4
33.9
32.4
33.5
32.5
33
33.3
32.6
32.4
32.6
32.7
32.629
28.8
28.8
28.8
28.5
28.3
28.1
28.3
28.4
28.5
28.7
28.8
28.8
28.7
28.7
28.8
28.8
28.7
28.6
28.5
28.4
28.2
28
28
28.1
27.9
27.9
27.8
27.6
27.7
27.7
27.7
27.6
27.9
28.9
29.5
29.8
30.9
30.3
30.4
31.2
31.1
31.7
32.1
32.5
32.3
32.5
32.7
33
32.1
32.4
33
31.4
29.9
29.3
28.7
28.6
28.3
28.1
28
27.9
27.9
27.9
28
28.2
28.3
28.3
28.4
28.6
28.7
28.8
28.9
29.1
29.4
29.6
30.1
30.7
31.2
31.4
31.4
31.8
32.2
32.9
32.2
32.3
32.4
33.9
32.4
33.5
32.5
33
33.3
32.6
32.4
32.6
32.7
32.629
28.8
28.8
28.8
28.5
28.3
28.1
28.3
28.4
28.5
28.7
28.8
28.8
28.7
28.7
28.8
28.8
28.7
28.6
28.5
28.4
28.2
28
28
28.1
27.9
27.9
27.8
27.6
27.7
27.7
27.7
27.6
27.9
28.9
29.5
29.8
30.9
30.3
30.4
31.2
31.1
31.7
32.1
32.5
32.3
32.5
32.7
33
32.1
32.4
33
31.4
29.9
29.3
28.7
28.6
28.3
28.1
28
27.9
27.9
27.9
28
28.2
28.3
28.3
28.4
28.6
28.7
28.8
28.9
29.1
29.4
29.6
30.1
30.7
31.2
31.4
31.4
31.8
32.2
32.9
32.2
32.3
32.4
33.9
32.4
33.5
32.5
33
33.3
32.6
32.4
32.6
32.7
32.629
28.8
28.8
28.8
28.5
28.3
28.1
28.3
28.4
28.5
28.7
28.8
28.8
28.7
28.7
28.8
28.8
28.7
28.6
28.5
28.4
28.2
28
28
28.1
27.9
27.9
27.8
27.6
27.7
27.7
27.7
27.6
27.9
28.9
29.5
29.8
30.9
30.3
30.4
31.2
31.1
31.7
32.1
32.5
32.3
32.5
32.7
33
32.1
32.4
33
31.4
29.9
29.3
28.7
28.6
28.3
28.1
28
27.9
27.9
27.9
28
28.2
28.3
28.3
28.4
28.6
28.7
28.8
28.9
29.1
29.4
29.6
30.1
30.7
31.2
31.4
31.4
31.8
32.2
32.9
32.2
32.3
32.4
33.9
32.4
33.5
32.5
33
33.3
32.6
32.4
32.6
32.7
32.629
28.8
28.8
28.8
28.5
28.3
28.1
28.3
28.4
28.5
28.7
28.8
28.8
28.7
28.7
28.8
28.8
28.7
28.6
28.5
28.4
28.2
28
28
28.1
27.9
27.9
27.8
27.6
27.7
27.7
27.7
27.6
27.9
28.9
29.5
29.8
30.9
30.3
30.4
31.2
31.1
31.7
32.1
32.5
32.3
32.5
32.7
33
32.1
32.4
33
31.4
29.9
29.3
28.7
28.6
28.3
28.1
28
27.9
27.9
27.9
28
28.2
28.3
28.3
28.4
28.6
28.7
28.8
28.9
29.1
29.4
29.6
30.1
30.7
31.2
31.4
31.4
31.8
32.2
32.9
32.2
32.3
32.4
33.9
32.4
33.5
32.5
33
33.3
32.6
32.4
32.6
32.7
32.629
28.8
28.8
28.8
28.5
28.3
28.1
28.3
28.4
28.5
28.7
28.8
28.8
28.7
28.7
28.8
28.8
28.7
28.6
28.5
28.4
28.2
28
28
28.1
27.9
27.9
27.8
27.6
27.7
27.7
27.7
27.6
27.9
28.9
29.5
29.8
30.9
30.3
30.4
31.2
31.1
31.7
32.1
32.5
32.3
32.5
32.7
33
32.1
32.4
33
31.4
29.9
29.3
28.7
28.6
28.3
28.1
28
27.9
27.9
27.9
28
28.2
28.3
28.3
28.4
28.6
28.7
28.8
28.9
29.1
29.4
29.6
30.1
30.7
31.2
31.4
31.4
31.8
32.2
32.9
32.2
32.3
32.4
33.9
32.4
33.5
32.5
33
33.3
32.6
32.4
32.6
32.7
32.629
28.8
28.8
28.8
28.5
28.3
28.1
28.3
28.4
28.5
28.7
28.8
28.8
28.7
28.7
28.8
28.8
28.7
28.6
28.5
28.4
28.2
28
28
28.1
27.9
27.9
27.8
27.6
27.7
27.7
27.7
27.6
27.9
28.9
29.5
29.8
30.9
30.3
30.4
31.2
31.1
31.7
32.1
32.5
32.3
32.5
32.7
33
32.1
32.4
33
31.4
29.9
29.3
28.7
28.6
28.3
28.1
28
27.9
27.9
27.9
28
28.2
28.3
28.3
28.4
28.6
28.7
28.8
28.9
29.1
29.4
29.6
30.1
30.7
31.2
31.4
31.4
31.8
32.2
32.9
32.2
32.3
32.4
33.9
32.4
33.5
32.5
33
33.3
32.6
32.4
32.6
32.7
32.629
28.8
28.8
28.8
28.5
28.3
28.1
28.3
28.4
28.5
28.7
28.8
28.8
28.7
28.7
28.8
28.8
28.7
28.6
28.5
28.4
28.2
28
28
28.1
27.9
27.9
27.8
27.6
27.7
27.7
27.7
27.6
27.9
28.9
29.5
29.8
30.9
30.3
30.4
31.2
31.1
31.7
32.1
32.5
32.3
32.5
32.7
33
32.1
32.4
33
31.4
29.9
29.3
28.7
28.6
28.3
28.1
28
27.9
27.9
27.9
28
28.2
28.3
28.3
28.4
28.6
28.7
28.8
28.9
29.1
29.4
29.6
30.1
30.7
31.2
31.4
31.4
31.8
32.2
32.9
32.2
32.3
32.4
33.9
32.4
33.5
32.5
33
33.3
32.6
32.4
32.6
32.7
32.629
28.8
28.8
28.8
28.5
28.3
28.1
28.3
28.4
28.5
28.7
28.8
28.8
28.7
28.7
28.8
28.8
28.7
28.6
28.5
28.4
28.2
28
28
28.1
27.9
27.9
27.8
27.6
27.7
27.7
27.7
27.6
27.9
28.9
29.5
29.8
30.9
30.3
30.4
31.2
31.1
31.7
32.1
32.5
32.3
32.5
32.7
33
32.1
32.4
33
31.4
29.9
29.3
28.7
28.6
28.3
28.1
28
27.9
27.9
27.9
28
28.2
28.3
28.3
28.4
28.6
28.7
28.8
28.9
29.1
29.4
29.6
30.1
30.7
31.2
31.4
31.4
31.8
32.2
32.9
32.2
32.3
32.4
33.9
32.4
33.5
32.5
33
33.3
32.6
32.4
32.6
32.7
32.6